semaphore: 50000000/1.332216704 = 37531432
------------------------------
atomic: 150000000/1.175931347 = 127558467
